000000
100000
010000
001000
010000
010000
001000
010000
010000
010000
001000
001000
001000
100000
010000
001000
010000
010000
001000
010000
010000
010000
001000
001000
001000
000000
100001
100001
100001
010010
001100
001100
100001
100001
100001
010010
100001
000000
100001
100001
100001
010010
100001
000000
001100
001100
001100
000000
000000
000000
100001
100001
100001
010010
001100
001100
100001
100001
100001
010010
100001
000000
100001
100001
100001
010010
100001
000000
100001
100001
100001
000000
000000
010010
001100
010010
010010
100001
100001
010010
010010
010010
100001
000000
000000
010010
001100
010010
010010
100001
100001
010010
010010
010010
100001
000000
000000
100000
010000
001000
010000
010000
001000
010000
010000
010000
001000
001000
001000
100000
010000
001000
010000
010000
001000
010000
010000
010000
001000
001000
001000
111111
111111
111111
111111
111111
000000
001100
001100
001100
001100
001100
000000
111111
111111
111111
111111
111111
000000
001100
001100
001100
001100
001100
000000
111111
111111
111111
111111
111111
000000
001100
001100
001100
001100
001100
000000
111111
111111
111111
111111
111111
000000
001100
001100
001100
001100
001100
------
------
100001
010010
001100
010010
010010
100001
100001
010010
010010
010010
100001
010010
001100
010010
010010
100001
100001
010010
010010
010010
100001
000000
000000
111111
111111
111111
111111
111111
000000
001100
001100
001100
001100
001100
000000
111111
111111
111111
111111
111111
000000
001100
001100
001100
001100
001100
000000
000001
000010
000100
000010
000010
000100
000010
000010
000010
000100
000100
000100
000001
000010
000100
000010
000010
000100
000010
000010
000010
000100
000100
000100
000000
100001
100001
100001
010010
001100
001100
100001
100001
100001
010010
100001
000000
100001
100001
100001
010010
100001
000000
001100
001100
001100
000000
101101
000000
100001
100001
100001
010010
001100
001100
100001
100001
100001
010010
100001
000000
100001
100001
100001
010010
100001
000000
001100
001100
001100
000000
000000
010010
001100
010010
010010
100001
100001
010010
010010
010010
100001
000000
000000
010010
001100
010010
010010
100001
100001
010010
010010
010010
100001
000000
000000
100001
010010
001100
010010
010010
001100
010010
010010
010010
001100
001100
001100
100001
010010
001100
010010
010010
001100
010010
010010
010010
001100
001100
001100
111111
111111
111111
111111
111111
000000
001100
001100
001100
001100
001100
000000
111111
111111
111111
111111
111111
000000
001100
001100
001100
001100
001100
000000
111111
111111
111111
111111
111111
000000
001100
001100
001100
001100
001100
000000
111111
111111
111111
111111
111111
000000
001100
001100
001100
001100
001100
000000
000000
000000
000000
000000
000000