------
------
------
Intro-
000000
000000
010010
001100
010010
001100
010010
001100
010010
001100
010010
000000
FirstM
100000
100000
001000
001000
100000
100000
010000
010000
>Break
------
------
100000
100000
001000
001000
010000
010000
100000
100000
001000
000100
00100<
000001
000001
000010
000010
000100
000100
001000
001000
>Break
------
------
100000
100000
010000
010000
001000
001000
000100
000100
000000
001100
001100
001100
-----<
001100
010010
100001
000000
111111
000000
new---
000000
00000<
100001
010010
010010
010010
100001
000000
000000
111111
00000<
001100
100001
010010
010010
001100
001100
010010
010010
100001
001100
001100
000000
000000
000000
111111
000000
000000
000000
001100
011110
011110
001100
-Mel2<
000010
000010
000100
000100
001000
001000
010000
010000
000000
000000
00000<
011000
011000
001100
001100
000110
000110
001100
001100
000000
000000
000110
000110
001100
001100
011000
011000
001100
001100
000000
000000
000000
011000
011000
001100
001100
000110
000110
001100
001100
------
Break<
-45sec
------
100001
010010
001100
001100
000000
111111
000000
BRIDGE
000000
00000<
100000
010000
001000
000100
000010
000001
-????-
111111
000000
001100
001100
111111
111111
111111
000000
000000
001100
001100
111111
111111
111111
011110
011110
001100
000000
000000
000000
000000
111111
111111
111111
111111
-mel3-
000001
000001
000010
000010
000100
000100
001000
001000
000000
00000<
100000
100000
010000
010000
001000
001000
000100
000100
000000
00000<
000011
000011
000110
000110
001100
001100
011000
011000
000000
000000
000000
110000
110000
011000
011000
001100
001100
000110
000110
000000
000000
------
PART2<
------
001100
010010
100001
000000
000000
111111
000000
------
000000
000000
000000
100001
010010
010010
010010
100001
000000
111111
00000<
001100
100001
010010
010010
001100
001100
010010
010010
100001
001100
001100
000000
000000
000000
111111
000000
000000
000000
001100
011110
011110
001100
-Mel2<
000010
000010
000100
000100
001000
001000
010000
010000
000000
000000
00000<
011000
011000
001100
001100
000110
000110
001100
001100
000000
000000
000110
000110
001100
001100
011000
011000
001100
001100
000000
000000
000000
011000
011000
001100
001100
000110
000110
001100
001100
------
Break<
---sec
------
100001
010010
001100
001100
000000
111111
000000
BRIDGE
000000
00000<
100000
010000
001000
000100
000010
000001
-????-
111111
000000
001100
001100
111111
111111
111111
000000
000000
001100
001100
111111
111111
111111
011110
011110
001100
000000
000000
000000
000000
111111
111111
111111
111111
-mel3-
000001
000001
000010
000010
000100
000100
001000
001000
000000
00000<
100000
100000
010000
010000
001000
001000
000100
000100
000000
00000<
000011
000011
000110
000110
001100
001100
011000
011000
000000
000000
000000
110000
110000
011000
011000
001100
001100
000110
000110
000000
111111
111111
111111
000000
000000
000000
000000
000000
000000
000000
000000
000000